216058
394114
396931
392331
565844
393986
390112
2300332
2301026
391006
2303049
396778
2301149
2302953
391207
2300491
470304
2301583
2302430
2303245
2302475
473419
389994
2300494
2302231
2302594
470340
565894
474303
566029
395892
473351
395897
390122
396704
392346
390125
2302740
395898
2303635
472416
471404
2299832
470995
2299797
567283
656776
2304167
2304243
566990
565581
474199
470153
2299837
2299319
470312
2300519
395861
2302853
2302333
2302652
393721
2302015
2301206
2302218
2300558
2303625
396914
2300436
388689
567292
388685
2300593
2299807
567214
565992
567255
473994
2302926
2301715
2299808
2300189
2301599
2304304
2303731
2299171
388680
2303217
388713
2300460
2299254
657367
474136
470252
2299936
471102